1 - 1
2*4
4 + 3
5/2

x <- 2
x

x <- 3
x
